8.8 -1.025045117722729
8.9 -1.028459672348867
9.0 -1.0314612657369588
9.1 -1.0332431496764338
9.2 -1.0338260457712989
9.299999999999999 -1.0339085577083753
9.399999999999999 -1.0339121191670502
9.499999999999998 -1.0338078096618168
9.599999999999998 -1.033599536759519
9.699999999999998 -1.0332975833596092
9.799999999999997 -1.0329066832348188
9.899999999999997 -1.0324276459348303
9.999999999999996 -1.031859087532856
10.099999999999996 -1.0311990796195052
10.199999999999996 -1.0304465862372583
10.299999999999995 -1.0296026010045243
10.399999999999995 -1.0286709254527744
10.499999999999995 -1.0276585510002791
