8.8 -1.0254396487937316
8.9 -1.0288742333425278
9.0 -1.0317637207339494
9.1 -1.033400597863144
9.2 -1.0339152112603855
9.299999999999999 -1.0339899460843396
9.399999999999999 -1.0339876069437375
9.499999999999998 -1.0338762582752283
9.599999999999998 -1.0336614985644323
9.699999999999998 -1.0333543694857237
9.799999999999997 -1.0329591897414896
9.899999999999997 -1.032475281706982
9.999999999999996 -1.0318989621126662
10.099999999999996 -1.0312255991348636
10.199999999999996 -1.0304515681079378
10.299999999999995 -1.0295759579203472
10.399999999999995 -1.02860189138238
10.499999999999995 -1.0275373331213518
