8.8 -1.0251435166379987
8.9 -1.0285162499073124
9.0 -1.0314556256371363
9.1 -1.0332083592664152
9.2 -1.0338097296756434
9.299999999999999 -1.0338946618274218
9.399999999999999 -1.0338952266917203
9.499999999999998 -1.0337863272159598
9.599999999999998 -1.0335679273750682
9.699999999999998 -1.0332569232858826
9.799999999999997 -1.0328649000722132
9.899999999999997 -1.0323977789780678
9.999999999999996 -1.0318562939225837
10.099999999999996 -1.0312372261339806
10.199999999999996 -1.0305352028016432
10.299999999999995 -1.0297447770151453
10.399999999999995 -1.0288624648001208
10.499999999999995 -1.027888426696483
