8.8 -1.0275962304554984
8.9 -1.0302215477574843
9.0 -1.0321204084500686
9.1 -1.0332842856245246
9.2 -1.0338296211759797
9.299999999999999 -1.0339609638723666
9.399999999999999 -1.0339231877271007
9.499999999999998 -1.033791634607865
9.599999999999998 -1.0335671854738522
9.699999999999998 -1.0332558799108942
9.799999999999997 -1.0328607824564142
9.899999999999997 -1.0323827895284883
9.999999999999996 -1.0318215867551455
10.099999999999996 -1.0311766401823879
10.199999999999996 -1.0304480920738588
10.299999999999995 -1.0296374491426274
10.399999999999995 -1.0287479899949366
10.499999999999995 -1.0277848681376593
