8.8 -1.0272781491936773
8.9 -1.029969854633411
9.0 -1.0319864311545426
9.1 -1.0332396967686388
9.2 -1.0338154341878403
9.299999999999999 -1.0339459241061557
9.399999999999999 -1.0339144863082563
9.499999999999998 -1.0337823500855658
9.599999999999998 -1.0335521448327138
9.699999999999998 -1.033235792583962
9.799999999999997 -1.0328411345996489
9.899999999999997 -1.0323726595640117
9.999999999999996 -1.0318322665567348
10.099999999999996 -1.0312200196349948
10.199999999999996 -1.0305348625110755
10.299999999999995 -1.0297752718599036
10.399999999999995 -1.0289398346086953
10.499999999999995 -1.0280277380798397
